---good shapes
y#1,1,-1,1,-1,-1,1,-1#-1,0,1,2
r#1,1,-1,1,0,0#0,1
y#1,1,-1,1,-1,-1,1,-1#1,1,1,1
r#1,1,-1,1,0,0#2,2
r#0,0,5,1,0,-5,-1,1#-2,1
y#0,0,5,1,0,-5,-1,1#0,0,1,1
---shape "x"
x#3,-1.5,-2,1.5,3#0,1
--notEnough#
y#1,1,-1,1,0,0
--tooMuch#
r#1,1,-1,1,0,0#0,1#1
---non-good baseShapes
y#1,1,-1,1,1,1,1,-1#1,1,1,2
y#0,0,1,1#1,1,1,2
y#1,1,2,2,0,0#1,1,1,2
y#1,1,-1,1,-1,-1,1,-1,-2,-2#1,1,1,2
r#0,0,1,1,#2,4
r#1,1,1,3,2,2,0,0#2,4
r#0,0,1,1,1,3,2,2#2,4
---non-good pyramids
y#1,1,-1,1,-1,-1,1,-1#1,1,1,2,2
y#1,1,-1,1,-1,-1,1,-1#1,1
y#1,1,-1,1,-1,-1,1,-1#
---an odd number of double values for polygon vertices. 
y#1,1,-1,1,-1,-1,1,-1,8#1,1,1,2
---non-good prisms
r#1,1,-1,1,-1,-1,1,-1#1,1,1
r#1,1,-1,1,-1,-1,1,-1#1
r#1,1,-1,1,-1,-1,1,-1#